Vertex Count: 36

Data:

-1 -1 1 4.62428e-44 0 0.000166119 0.000176643 2.08404e-19
-1 -1 -1 4.0274e-11 6.40969e-10 0.000166119 0.000176643 2.08404e-19
1 -1 -1 2.51931e-09 6.40969e-10 0.000166119 0.000176643 2.08404e-19
0.999999 1 -1 0.000176643 6.33706e-10 0.000176602 0.000176643 6.33706e-10
-1 1 -1 0.000176643 2.08404e-19 0.000176602 0.000176643 6.33706e-10
-1 1 1 2.51931e-09 6.40969e-10 0.000176602 0.000176643 6.33706e-10
1 -1 -1 1.4013e-45 1.4013e-45 6.29183e-43 0 5.60519e-45
0.999999 1 -1 2.8026e-45 4.2039e-45 6.29183e-43 0 5.60519e-45
1 1 0.999999 0 5.60519e-45 6.29183e-43 0 5.60519e-45
-1 -1 -1 0.000176643 2.08404e-19 4.2039e-45 2.8026e-45 4.2039e-45
-1 1 -1 0.000176643 6.33706e-10 4.2039e-45 2.8026e-45 4.2039e-45
0.999999 1 -1 1.4013e-45 1.4013e-45 4.2039e-45 2.8026e-45 4.2039e-45
-1 1 1 4.62428e-44 0 2.8026e-45 1.4013e-45 1.4013e-45
-1 1 -1 4.0274e-11 6.40969e-10 2.8026e-45 1.4013e-45 1.4013e-45
-1 -1 -1 2.51931e-09 6.40969e-10 2.8026e-45 1.4013e-45 1.4013e-45
-1 1 1 4.62428e-44 0 1.4013e-45 1.4013e-45 8.40779e-45
-1 -1 1 0.000176643 6.33706e-10 1.4013e-45 1.4013e-45 8.40779e-45
1 -1 1 0.000176643 2.08404e-19 1.4013e-45 1.4013e-45 8.40779e-45
-1 -1 1 4.62428e-44 0 0.000166119 0.000176643 2.08404e-19
1 -1 -1 2.51931e-09 6.40969e-10 0.000166119 0.000176643 2.08404e-19
1 -1 1 0.000176643 2.08404e-19 0.000166119 0.000176643 2.08404e-19
0.999999 1 -1 0.000176643 6.33706e-10 0.000176602 0.000176643 6.33706e-10
-1 1 1 2.51931e-09 6.40969e-10 0.000176602 0.000176643 6.33706e-10
1 1 0.999999 0 5.60519e-45 0.000176602 0.000176643 6.33706e-10
1 -1 -1 1.4013e-45 1.4013e-45 6.29183e-43 0 5.60519e-45
1 1 0.999999 0 5.60519e-45 6.29183e-43 0 5.60519e-45
1 -1 1 2.8026e-45 4.2039e-45 6.29183e-43 0 5.60519e-45
-1 -1 -1 0.000176643 2.08404e-19 4.2039e-45 2.8026e-45 4.2039e-45
0.999999 1 -1 1.4013e-45 1.4013e-45 4.2039e-45 2.8026e-45 4.2039e-45
1 -1 -1 1.4013e-45 1.4013e-45 4.2039e-45 2.8026e-45 4.2039e-45
-1 1 1 4.62428e-44 0 2.8026e-45 1.4013e-45 1.4013e-45
-1 -1 -1 1.4013e-45 8.40779e-45 2.8026e-45 1.4013e-45 1.4013e-45
-1 -1 1 0.000176643 6.33706e-10 2.8026e-45 1.4013e-45 1.4013e-45
-1 1 1 4.62428e-44 0 1.4013e-45 1.4013e-45 8.40779e-45
1 -1 1 0.000176643 2.08404e-19 1.4013e-45 1.4013e-45 8.40779e-45
1 1 0.999999 0 5.60519e-45 1.4013e-45 1.4013e-45 8.40779e-45
